68
75
71
91
42
61
94
17
85
48
40
13
42
62
38
33
31
50
5
82
91
3
43
33
42
69
65
100
48
28
40
96
60
4
80
8
92
29
96
32
40
89
26
10
10
3
39
91
71
32
99
90
39
16
30
76
3
35
86
9
92
32
45
50
59
39
54
14
77
14
39
92
15
61
86
13
56
15
80
53
93
42
14
47
22
39
16
26
30
55
27
15
31
97
81
5
37
26
65
73
38
2
1
26
5
4
82
82
9
43
86
85
5
97
21
10
7
54
49
3
5
31
24
10
24
18
6
17
78
81
88
100
69
75
87
90
64
74
17
33
50
83
30
7
44
39
15
94
57
67
53
98
55
57
13
54
76
57
48
9
58
71
87
23
23
2
35
79
28
82
92
21
100
83
92
64
51
80
34
65
38
76
11
68
84
2
43
48
73
76
69
56
49
38
79
73
74
70
7
43
42
70
37
85
96
33
52
11
99
20
49
37
45
97
18
22
67
80
33
6
65
75
84
5
51
26
99
46
61
25
58
73
33
7
76
100
76
97
64
90
87
88
100
38
30
94
74
41
45
48
2
10
76
58
46
35
58
61
1
24
63
22
3
25
23
37
8
37
53
70
67
58
19
53
25
63
42
2
16
63
1
40
93
23
27
15
61
3
87
79
14
92
98
70
72
34
45
60
38
60
77
14
13
7
19
22
97
53
78
1
30
85
35
73
36
76
50
57
71
80
52
16
19
18
53
90
7
9
66
76
16
23
7
94
96
36
87
19
66
49
5
67
38
40
80
69
70
76
46
32
100
18
85
82
30
87
9
65
87
22
19
29
29
78
69
72
80
22
37
38
80
4
77
96
60
95
17
77
66
97
61
98
83
51
59
5
12
14
70
77
75
68
50
87
65
33
18
12
74
94
4
98
72
73
63
48
90
82
95
12
1
67
84
47
94
2
28
25
7
4
90
38
64
52
81
88
97
43
29
90
72
1
54
13
66
36
70
36
73
37
95
81
92
11
42
65
49
37
93
14
58
60
43
4
92
74
49
73
2
50
17
53
79
19
38
62
45
86
14
2
26
4
34
19
47
86
69
29
81
96
54
100
5
40
13
18
39
89
11
39
17
63
86
70
54
22
100
12
26
95
73
79
90
49
71
48
57
84
54
30
38
30
25
52
26
93
15
12
34
73
2
68
26
89
82
73
86
28
70
27
1
87
98
26
50
48
85
65
78
57
19
45
78
61
5
84
66
90
96
83
69
50
74
70
95
8
70
32
30
97
78
14
89
49
87
40
15
11
21
99
60
72
40
67
61
36
25
11
22
61
63
73
44
5
71
71
10
81
47
54
22
20
11
23
82
63
21
98
32
83
51
2
53
99
6
1
78
9
64
97
48
55
28
74
10
46
92
11
67
51
81
40
40
16
29
54
36
80
59
46
94
85
47
88
89
72
29
94
48
8
25
56
82
100
38
74
41
53
65
72
33
75
4
4
61
4
98
68
25
57
68
95
32
18
11
55
35
92
86
70
72
97
58
83
24
12
65
96
35
11
32
46
17
3
54
95
7
58
20
78
12
87
73
79
66
99
1
53
60
73
26
15
87
54
36
25
6
5
99
10
90
47
75
12
71
97
44
100
13
22
15
17
55
71
1
8
38
55
87
75
28
86
65
36
83
19
39
17
96
68
76
50
28
16
46
20
8
39
34
18
51
32
4
80
58
3
37
34
2
31
2
10
56
85
14
6
10
60
51
94
49
38
98
35
72
58
13
66
9
41
51
21
83
25
15
66
71
16
57
57
53
68
37
56
63
42
3
1
7
2
24
88
38
19
28
72
98
29
14
92
32
39
57
85
13
91
9
87
94
85
94
59
100
30
43
45
3
41
54
40
24
18
37
34
12
92
91
25
57
16
82
99
12
85
3
64
40
61
41
60
13
34
32
39
87
100
27
77
57
6
5
91
28
83
23
59
94
37
56
95
3
46
6
10
6
54
16
3
90
98
19
6
92
51
99
87
64
57
2
5
88
72
74
35
5
63
2
12
86
79
75
33
92
45
42
90
71
80
36
44
34
65
9
32
33
61
10
57
31
40
2
46
68
35
12
40
64
52
89
16
36
48
75
70
57
11
76
69
12
72
99
30
18
25
58
95
45
94
45
53
58
8
34
37
80
68
88
92
42
95
50
81
6
8
95
85
5
16
80
72
90
36
5
17
74
90
98
93
38
1
8
70
32
52
76
87
29
49
8
20
60
98
11
80
74
79
47
21
69
61